4294967278,347
4294967278,385
4294967278,343
4294967278,88
4294967279,314
4294967279,325
4294967279,331
4294967279,303
4294967279,374
4294967279,546
4294967278,317
4294967279,149
4294967278,140
4294967279,139
4294967279,138
4294967279,272
4294967278,270
4294967279,556
4294967279,199
4294967279,197
4294967279,170
4294967278,299
364,6
364,5
364,4
364,3
364,2
364,1
4294967278,447
4294967278,145
4294967278,144
363,5
363,4
363,3
363,2
363,1
4294967278,446
4294967279,373
4294967279,137
4294967279,136
4294967278,136
4294967278,275
4294967279,372
4294967278,445
4294967279,371
4294967278,283
4294967278,269
4294967279,264
4294967294,1419
4294967278,411
4294967278,357
4294967279,533
359,5
359,4
359,3
359,2
359,1
4294967278,444
4294967294,387
4294967278,443
4294967278,410
357,5
357,4
357,3
357,2
357,1
4294967294,1094
4294967278,218
355,6
4294967294,471
355,5
355,4
355,3
355,2
355,1
4294967294,393
4294967294,458
4294967294,189
4294967294,180
354,5
354,4
354,3
354,2
354,1
352,5
352,4
4294967279,187
352,3
352,2
352,1
4294967278,185
4294967278,442
350,4
350,3
350,2
350,1
4294967279,569
4294967278,400
4294967279,567
4294967278,18
4294967278,393
4294967278,441
4294967278,159
4294967278,158
4294967279,158
4294967279,154
4294967279,153
4294967278,153
349,6
349,5
349,4
349,2
349,1
4294967278,388
348,5
348,4
348,3
348,2
348,1
4294967279,355
4294967279,277
4294967279,347
4294967278,268
4294967278,267
4294967279,257
4294967279,256
4294967278,391
4294967279,255
4294967279,538
4294967278,369
4294967278,407
4294967279,336
4294967294,409
4294967294,460
4294967294,386
344,5
344,4
344,2
344,1
4294967278,409
4294967279,335
342,5
342,4
342,3
342,2
342,1
4294967279,334
340,6
340,5
340,4
340,3
340,2
340,1
4294967294,1
4294967278,194
339,5
339,4
339,3
339,2
339,1
4294967278,302
4294967294,89
4294967278,61
4294967279,242
4294967279,83
4294967279,78
4294967279,521
4294967279,178
4294967279,545
337,5
337,4
337,3
337,2
337,1
4294967294,470
4294967294,469
335,4
335,3
335,2
335,1
4294967279,543
4294967294,396
4294967294,397
4294967294,406
4294967294,414
4294967294,417
4294967294,384
4294967294,169
4294967294,413
4294967279,370
4294967278,440
4294967294,1090
4294967294,120
4294967279,151
4294967278,439
4294967279,369
334,6
334,5
334,4
334,2
334,1
4294967294,68
4294967294,11
4294967294,389
4294967294,115
4294967279,368
4294967278,378
4294967279,367
333,5
333,4
333,3
333,2
333,1
4294967279,280
4294967278,438
4294967278,255
4294967279,250
4294967278,249
4294967279,246
4294967279,252
4294967279,174
329,5
329,4
329,2
329,1
4294967279,230
4294967279,225
4294967278,224
4294967278,222
4294967279,220
4294967294,50
4294967278,216
4294967279,354
4294967279,212
327,5
327,4
327,3
327,2
327,1
4294967279,525
4294967279,207
4294967278,330
4294967279,366
325,6
4294967279,338
325,5
4294967294,107
325,4
325,3
325,2
325,1
4294967294,1000
4294967294,185
4294967294,999
4294967294,1175
4294967279,196
4294967279,195
4294967294,392
4294967294,388
4294967294,114
4294967279,194
4294967279,548
4294967278,437
4294967279,193
324,5
4294967279,191
324,4
324,3
324,2
324,1
4294967279,353
4294967294,399
4294967278,323
4294967278,181
4294967278,180
4294967279,294
4294967278,313
322,5
4294967279,175
322,4
322,3
322,2
322,1
4294967294,1005
4294967294,188
4294967294,996
321,5
4294967294,423
321,4
321,3
321,2
321,1
0,7
4294967294,17
4294967294,99
4294967294,76
4294967294,81
320,4
320,3
320,2
320,1
4294967294,29
4294967294,28
4294967294,67
4294967294,0
4294967294,22
4294967294,46
4294967294,45
4294967294,44
4294967294,2
4294967294,38
4294967294,37
4294967294,36
4294967294,40
4294967294,39
4294967294,41
4294967278,436
4294967294,53
4294967294,52
4294967294,426
4294967294,1017
4294967294,1174
4294967294,1173
4294967294,418
4294967294,1016
4294967294,27
4294967294,1018
4294967294,26
4294967294,92
4294967294,91
4294967294,90
4294967294,88
4294967294,87
4294967294,86
4294967294,85
4294967294,84
4294967294,42
4294967294,436
4294967294,43
4294967294,416
4294967294,51
4294967294,25
4294967294,96
4294967294,94
4294967294,9
4294967294,8
4294967294,93
4294967294,95
4294967294,1097
4294967294,82
4294967294,1415
4294967294,83
4294967278,132
4294967278,131
4294967278,130
4294967278,129
4294967278,128
4294967278,127
4294967278,126
4294967278,125
4294967278,124
4294967278,123
4294967278,122
4294967278,121
4294967278,120
4294967278,119
4294967278,118
4294967278,117
4294967278,116
4294967278,115
4294967278,114
4294967278,113
4294967278,112
4294967278,111
4294967278,110
4294967278,109
4294967278,108
4294967278,107
4294967278,106
4294967278,105
4294967278,104
4294967278,103
4294967278,102
4294967278,101
4294967278,100
4294967278,99
4294967278,98
4294967278,97
4294967278,96
4294967278,95
4294967278,94
4294967278,93
4294967278,92
4294967278,91
4294967278,90
4294967278,89
4294967278,87
4294967278,86
4294967278,85
4294967278,84
4294967278,83
4294967278,82
4294967278,81
4294967278,80
4294967278,79
4294967278,78
4294967278,77
4294967278,76
4294967278,75
4294967278,74
4294967278,73
4294967278,72
4294967278,71
4294967278,70
4294967278,69
4294967278,68
4294967278,67
4294967278,66
4294967278,65
4294967278,64
4294967278,63
4294967278,62
4294967278,387
4294967278,408
4294967278,260
4294967279,77
4294967279,75
4294967279,71
4294967279,68
4294967279,67
4294967279,66
4294967279,65
4294967279,64
4294967279,63
4294967279,62
4294967279,61
4294967279,60
4294967279,59
4294967279,58
4294967279,57
4294967279,56
4294967279,55
4294967279,54
4294967279,53
4294967279,52
4294967279,51
4294967279,50
4294967279,49
4294967279,48
4294967279,47
4294967279,46
4294967279,45
4294967279,44
4294967279,43
4294967279,42
4294967279,41
4294967279,40
4294967279,39
4294967279,36
4294967279,35
4294967279,33
4294967279,32
4294967279,31
4294967279,30
4294967279,29
4294967279,28
4294967279,27
4294967279,26
4294967279,25
4294967279,24
4294967279,22
4294967279,20
4294967279,19
4294967279,18
4294967279,17
4294967279,16
4294967279,13
4294967279,12
4294967279,11
4294967279,10
4294967279,9
4294967279,7
4294967279,6
4294967279,5
4294967279,4
4294967278,295
4294967279,38
4294967279,148
4294967278,359
4294967279,142
4294967279,141
4294967279,140
319,6
319,5
319,4
4294967278,139
319,2
319,1
4294967278,405
4294967279,23
4294967279,563
4294967278,288
4294967278,287
4294967279,279
318,5
318,4
318,3
318,2
318,1
4294967279,278
4294967279,14
4294967279,561
4294967278,435
4294967278,338
4294967279,8
4294967278,261
4294967278,384
4294967279,536
4294967278,250
4294967278,248
4294967278,397
314,5
314,4
314,2
314,1
4294967294,412
4294967294,405
4294967294,168
4294967294,402
4294967294,1004
4294967294,454
4294967294,119
4294967294,118
4294967278,219
4294967278,217
4294967279,215
4294967279,332
4294967278,211
312,5
312,4
312,3
312,2
312,1
4294967279,206
4294967279,524
310,6
310,5
4294967294,391
4294967294,1007
